站点代码,数据时间,气温,气压,相对湿度,风向,风速,降雨量,能见度
58015,20220409203726,23.5,1015.4,98,154,1.0,0.4,10292.0
58102,20220409203726,21.4,1018.8,11,153,9.3,1.0,10185.3
58118,20220409203726,3.5,1001.0,6,272,12.0,1.3,10287.0
58122,20220409203726,2.4,1006.9,99,285,14.9,0.6,10321.8
58203,20220409203726,18.2,1010.7,22,217,13.1,1.4,10263.6
58215,20220409203726,9.4,1000.7,61,309,1.6,0.2,10020.2
58221,20220409203726,31.4,1000.4,50,178,7.4,1.4,10290.8
58225,20220409203726,9.9,1001.1,100,177,8.1,0.5,10030.7
58236,20220409203726,10.1,1017.8,77,92,13.2,0.1,10169.3
58311,20220409203726,16.7,1003.9,34,307,10.4,0.9,10140.0
58314,20220409203726,1.6,1008.9,63,303,4.0,0.7,10255.8
58319,20220409203726,1.0,1004.9,26,152,8.1,0.4,10112.2
58321,20220409203726,3.3,1013.3,89,24,3.6,0.0,10218.4
58326,20220409203726,1.0,1001.8,88,303,3.4,1.2,10074.9
58336,20220409203726,3.0,1010.6,11,190,8.0,0.9,10140.0
58338,20220409203726,29.2,1022.8,69,347,0.8,1.3,10310.7
58414,20220409203726,5.9,1007.2,86,243,14.0,0.5,10216.0
58419,20220409203726,16.5,1018.4,37,148,5.4,0.3,10229.7
58424,20220409203726,6.4,1009.8,27,257,1.4,0.0,10355.3
58429,20220409203726,24.5,1000.8,34,258,5.2,1.3,10465.7
58436,20220409203726,25.6,1022.1,10,351,11.3,1.4,10105.1
58437,20220409203726,14.9,1011.4,54,195,11.0,1.4,10224.2
58520,20220409203726,28.1,1013.2,20,13,6.5,0.1,10286.0
58531,20220409203726,8.5,1026.3,22,15,9.7,0.3,10298.1
54406,20220409203726,17.1,1022.0,5,13,10.7,0.9,10330.5
54416,20220409203726,8.6,1026.2,23,308,3.1,0.3,10063.9
54511,20220409203726,11.5,1015.4,52,178,3.9,1.0,10158.3
58725,20220409203726,4.7,1016.2,46,356,0.0,1.1,10489.8
58730,20220409203726,6.2,1007.6,10,132,3.8,1.3,10367.9
58731,20220409203726,14.0,1012.9,34,200,4.1,0.3,10039.5
58734,20220409203726,22.9,1011.0,16,198,0.6,1.0,10306.8
58737,20220409203726,5.7,1014.1,41,112,10.5,1.4,10240.6
58744,20220409203726,15.4,1023.7,52,187,3.5,0.5,10285.9
58754,20220409203726,8.5,1025.9,30,271,5.5,1.5,10252.4
58818,20220409203726,30.4,1011.5,44,3,0.5,0.6,10340.0
58820,20220409203726,29.4,1004.9,23,349,11.7,1.1,10301.7
58834,20220409203726,0.1,1004.3,50,81,11.0,0.1,10103.9
58837,20220409203726,2.8,1002.9,53,30,4.0,0.6,10462.4
58843,20220409203726,3.6,1008.0,37,266,1.5,0.7,10381.9
58846,20220409203726,29.2,1022.2,16,235,2.1,0.1,10384.2
58847,20220409203726,19.2,1022.4,59,353,0.7,0.7,10132.2
58911,20220409203726,25.6,1013.7,36,104,7.8,0.3,10127.9
58918,20220409203726,32.0,1014.9,81,57,1.6,0.9,10185.9
58921,20220409203726,9.5,1019.3,86,135,9.2,0.0,10122.6
58926,20220409203726,22.5,1018.6,39,146,14.6,0.8,10099.4
58927,20220409203726,34.0,1003.6,15,75,11.8,0.5,10044.1
58931,20220409203726,29.0,1006.8,79,158,10.8,0.7,10147.8
58933,20220409203726,34.0,1012.3,51,118,2.8,1.1,10165.7
58936,20220409203726,7.0,1024.2,8,68,13.1,0.2,10234.7
58944,20220409203726,30.7,1012.7,67,294,10.0,0.0,10311.8
59113,20220409203726,21.9,1006.6,54,138,2.1,1.5,10246.5
59126,20220409203726,32.1,1018.4,24,336,12.2,0.9,10332.9
59133,20220409203726,1.3,1004.9,33,54,14.8,1.1,10433.1
59134,20220409203726,32.2,1018.5,10,240,3.0,1.1,10091.6
59321,20220409203726,22.3,1006.7,57,341,4.0,0.5,10266.3
52323,20220409203726,22.0,1009.5,56,333,8.9,0.6,10025.0
52418,20220409203726,1.2,1002.2,68,257,1.3,0.7,10381.2
52424,20220409203726,18.6,1017.4,6,275,2.6,0.2,10107.9
52436,20220409203726,31.5,1000.6,3,179,9.8,0.3,10073.0
52446,20220409203726,32.7,1005.2,13,222,1.7,0.7,10111.6
52447,20220409203726,23.4,1021.8,49,235,0.2,0.3,10028.2
52533,20220409203726,25.3,1026.2,84,32,5.8,0.4,10422.0
52546,20220409203726,1.5,1017.0,88,95,9.6,0.9,10127.3
52652,20220409203726,18.4,1014.5,27,77,7.5,0.2,10191.3
52661,20220409203726,12.2,1025.8,87,3,0.6,1.4,10122.9
52674,20220409203726,31.8,1006.7,23,337,6.9,1.3,10099.1
52679,20220409203726,25.3,1012.3,42,113,0.3,0.4,10395.5
52681,20220409203726,27.1,1021.2,43,210,7.0,0.5,10458.4
52787,20220409203726,10.0,1017.9,80,49,6.7,1.0,10493.8
52797,20220409203726,29.0,1011.7,76,95,0.4,1.4,10282.4
52884,20220409203726,8.2,1001.5,27,162,0.3,0.7,10042.0
52895,20220409203726,31.0,1015.2,25,292,6.6,1.5,10310.9
52983,20220409203726,29.8,1021.5,3,153,0.1,1.0,10458.3
52984,20220409203726,29.5,1025.8,21,126,10.2,0.3,10214.0
52986,20220409203726,16.1,1007.5,51,270,5.3,0.8,10124.6
52996,20220409203726,26.7,1014.7,2,9,14.4,0.9,10125.2
53821,20220409203726,30.4,1000.6,96,69,8.8,0.2,10316.9
53915,20220409203726,29.4,1015.5,59,301,8.0,1.0,10234.2
53923,20220409203726,5.0,1000.0,46,11,2.3,0.0,10192.9
56074,20220409203726,19.3,1014.9,8,334,2.2,0.0,10231.2
56080,20220409203726,21.8,1023.5,37,189,3.4,0.0,10434.2
56093,20220409203726,32.3,1012.2,15,174,11.4,1.2,10269.3
56096,20220409203726,6.6,1025.7,88,330,2.9,0.8,10174.0
57014,20220409203726,1.0,1003.5,97,158,10.7,0.3,10287.3
57996,20220409203726,4.6,1026.0,21,219,5.0,0.9,10159.2
59072,20220409203726,1.3,1003.3,61,229,7.7,1.4,10436.4
59082,20220409203726,20.3,1024.3,4,159,5.0,0.6,10077.4
59087,20220409203726,29.5,1001.1,92,214,5.9,1.5,10286.8
59088,20220409203726,10.9,1022.2,30,9,10.7,0.6,10213.9
59096,20220409203726,17.7,1019.1,82,136,10.4,0.9,10165.3
59097,20220409203726,27.8,1000.7,34,236,1.5,0.0,10330.2
59107,20220409203726,14.1,1024.0,85,309,5.6,0.4,10472.6
59116,20220409203726,14.8,1000.5,48,3,0.8,0.9,10217.9
59117,20220409203726,30.4,1014.4,86,317,9.0,1.4,10363.4
59271,20220409203726,13.5,1021.8,84,89,2.7,1.2,10143.2
59278,20220409203726,32.6,1024.1,73,114,13.8,1.2,10382.2
59280,20220409203726,5.4,1008.9,99,2,0.2,0.2,10223.9
59287,20220409203726,19.6,1003.0,83,237,10.6,1.1,10335.8
59289,20220409203726,26.3,1017.9,82,254,4.4,1.2,10350.9
59293,20220409203726,19.5,1011.5,33,98,4.3,0.4,10166.8
59294,20220409203726,5.3,1019.2,49,159,9.9,1.5,10137.6
59298,20220409203726,7.1,1023.5,92,103,12.2,0.2,10092.0
59303,20220409203726,22.5,1001.3,100,326,2.9,0.8,10390.8
59304,20220409203726,3.8,1018.4,100,99,13.6,1.5,10207.8
59306,20220409203726,9.9,1019.7,3,323,0.1,1.5,10063.9
59310,20220409203726,9.5,1010.0,89,193,14.7,0.3,10441.6
59316,20220409203726,1.4,1019.5,62,257,9.9,0.4,10083.6
59317,20220409203726,10.8,1007.5,48,156,9.6,1.4,10117.0
59324,20220409203726,2.8,1019.1,25,35,12.0,1.5,10227.6
59456,20220409203726,7.0,1006.7,26,184,3.4,0.5,10128.4
59462,20220409203726,28.9,1005.3,99,150,9.8,0.7,10041.4
59478,20220409203726,20.1,1011.8,75,220,6.8,0.1,10220.6
59485,20220409203726,11.0,1011.1,92,298,5.2,1.1,10262.9
59488,20220409203726,17.2,1012.6,46,15,7.8,0.6,10449.6
59493,20220409203726,0.7,1018.4,2,15,12.7,0.3,10428.2
59501,20220409203726,4.0,1013.7,97,197,8.5,0.2,10041.2
59658,20220409203726,15.8,1015.0,46,160,1.6,0.0,10249.4
59663,20220409203726,0.3,1021.7,86,74,5.4,1.4,10043.8
59664,20220409203726,7.6,1019.7,14,19,8.6,1.0,10289.9
59673,20220409203726,27.4,1001.5,93,25,7.9,0.4,10126.4
59754,20220409203726,13.0,1008.3,84,243,10.8,0.0,10297.5
57947,20220409203726,7.2,1023.0,67,19,7.7,0.7,10457.6
57957,20220409203726,5.3,1006.5,37,128,8.8,0.1,10471.7
57958,20220409203726,13.5,1017.6,14,192,8.1,1.3,10127.3
59021,20220409203726,1.5,1016.5,64,190,11.3,0.6,10428.2
59023,20220409203726,21.5,1020.3,1,240,4.8,0.3,10103.4
59027,20220409203726,8.0,1000.5,47,339,10.6,0.2,10367.8
59037,20220409203726,0.9,1020.8,99,52,4.9,1.1,10170.5
59046,20220409203726,27.3,1010.6,54,306,2.1,0.4,10098.3
59058,20220409203726,5.7,1023.9,82,47,14.4,1.3,10160.0
59065,20220409203726,12.0,1014.0,61,280,2.3,0.6,10379.0
59209,20220409203726,26.2,1022.7,11,37,7.5,0.4,10252.5
59211,20220409203726,34.8,1022.1,67,52,9.4,1.1,10173.3
59218,20220409203726,34.3,1022.8,39,263,10.4,0.7,10037.7
59228,20220409203726,15.9,1020.2,24,313,5.3,1.1,10295.4
59242,20220409203726,8.8,1002.3,45,339,8.5,0.2,10405.7
59254,20220409203726,32.8,1023.7,86,359,13.4,0.7,10029.1
59265,20220409203726,33.0,1014.8,62,186,6.1,0.7,10467.6
59417,20220409203726,8.2,1004.5,13,16,2.5,1.5,10150.1
59431,20220409203726,7.5,1005.0,76,296,6.3,0.8,10438.8
59446,20220409203726,11.5,1020.4,4,1,13.9,1.2,10367.0
59453,20220409203726,22.6,1020.7,57,133,6.5,1.3,10110.9
59626,20220409203726,27.7,1023.9,54,215,9.1,0.9,10463.7
59631,20220409203726,1.1,1024.3,27,246,2.5,1.3,10440.4
59632,20220409203726,18.9,1017.3,22,131,10.0,1.2,10477.7
59644,20220409203726,4.8,1014.3,58,256,0.5,0.1,10101.7
59647,20220409203726,23.3,1014.2,74,150,5.3,0.6,10197.1
56691,20220409203726,1.4,1022.5,62,133,0.0,1.5,10383.7
56693,20220409203726,12.0,1008.3,67,219,1.8,1.2,10058.8
56792,20220409203726,30.5,1013.7,68,11,2.7,0.0,10127.6
56793,20220409203726,20.3,1018.9,2,274,7.3,1.4,10312.2
57606,20220409203726,22.1,1003.4,55,226,5.1,1.1,10408.0
57614,20220409203726,6.4,1018.4,4,40,5.2,0.6,10301.4
57625,20220409203726,35.0,1020.0,14,285,12.2,1.2,10412.5
57647,20220409203726,21.6,1008.8,89,354,4.7,0.5,10135.3
57707,20220409203726,18.2,1003.5,98,232,2.1,0.3,10100.8
57710,20220409203726,28.5,1018.1,22,214,3.0,0.5,10077.7
57712,20220409203726,1.4,1012.7,10,308,10.9,0.3,10247.4
57718,20220409203726,18.3,1015.0,15,163,1.4,0.6,10398.0
57722,20220409203726,15.2,1015.6,12,278,10.8,0.8,10417.1
57729,20220409203726,27.6,1008.9,25,111,8.7,0.2,10348.6
57731,20220409203726,25.0,1006.0,37,183,12.4,0.6,10209.4
57741,20220409203726,29.6,1021.6,70,254,7.8,0.7,10461.9
57803,20220409203726,17.7,1000.0,69,310,2.8,0.3,10362.1
57805,20220409203726,18.1,1021.4,44,115,10.5,1.1,10245.6
57806,20220409203726,24.9,1009.5,49,31,9.0,0.5,10233.0
57816,20220409203726,18.1,1016.6,31,117,5.2,1.5,10379.3
57825,20220409203726,9.5,1006.2,15,57,6.9,1.4,10367.0
57827,20220409203726,3.7,1015.5,88,353,0.6,1.4,10000.4
57832,20220409203726,24.7,1002.8,71,206,1.5,0.7,10283.4
57839,20220409203726,13.9,1012.9,37,282,8.7,1.4,10357.7
57840,20220409203726,26.6,1023.7,37,343,0.1,1.0,10482.2
57902,20220409203726,22.3,1024.1,88,249,5.3,1.1,10419.6
57906,20220409203726,32.1,1017.2,55,305,10.7,0.5,10195.8
57907,20220409203726,0.3,1016.6,3,311,0.2,1.0,10354.2
57910,20220409203726,12.5,1003.9,74,130,12.6,0.5,10209.4
57912,20220409203726,9.0,1014.8,7,32,5.1,0.1,10108.0
57916,20220409203726,3.2,1009.2,77,118,13.2,0.3,10288.3
57922,20220409203726,26.9,1000.0,28,324,10.6,1.3,10332.0
57926,20220409203726,16.6,1005.2,50,91,8.1,0.6,10175.1
57932,20220409203726,27.4,1014.1,87,281,10.1,0.0,10389.0
59758,20220409203726,26.1,1016.2,17,219,1.4,0.8,10178.9
59838,20220409203726,4.8,1005.0,74,190,13.5,0.8,10416.8
59845,20220409203726,6.8,1006.2,51,243,10.6,0.3,10290.8
59849,20220409203726,4.0,1023.0,88,78,1.3,1.0,10431.1
59855,20220409203726,23.2,1017.7,35,268,1.4,1.4,10392.9
59948,20220409203726,1.8,1014.9,10,39,7.0,1.0,10485.2
59954,20220409203726,3.1,1004.4,25,109,6.6,1.4,10126.5
59981,20220409203726,33.1,1008.7,60,261,10.4,0.2,10346.4
53399,20220409203726,16.0,1016.4,53,113,4.7,1.4,10153.7
53593,20220409203726,26.2,1001.0,33,134,13.4,1.3,10201.0
53698,20220409203726,30.6,1025.0,96,282,6.0,1.1,10105.8
53798,20220409203726,31.3,1018.2,68,193,7.4,0.6,10080.8
54308,20220409203726,30.2,1025.9,79,109,10.3,1.4,10076.8
54311,20220409203726,14.2,1020.0,36,16,1.0,0.7,10416.4
54401,20220409203726,14.9,1000.8,85,183,3.8,0.8,10245.2
54405,20220409203726,26.3,1014.1,81,217,9.9,0.8,10074.9
54423,20220409203726,34.5,1011.5,97,276,0.9,1.1,10470.8
54429,20220409203726,5.9,1012.4,40,217,3.0,0.2,10122.0
54436,20220409203726,14.6,1016.1,45,41,10.9,0.4,10325.5
54449,20220409203726,30.0,1002.5,63,58,11.4,0.3,10490.5
54518,20220409203726,4.9,1022.0,10,212,7.7,1.3,10370.5
54534,20220409203726,28.5,1005.7,7,342,14.4,1.0,10223.3
54535,20220409203726,0.3,1002.2,6,318,2.0,0.9,10262.8
54539,20220409203726,19.2,1019.4,58,329,4.2,1.1,10379.0
54602,20220409203726,30.1,1021.1,7,143,1.3,1.1,10232.1
54606,20220409203726,28.3,1015.7,17,260,0.7,1.5,10134.1
54618,20220409203726,7.3,1016.3,54,355,9.7,1.0,10438.2
54624,20220409203726,22.9,1002.6,6,329,4.1,1.0,10297.5
54705,20220409203726,34.8,1016.9,10,125,0.2,0.3,10194.3
53898,20220409203726,16.9,1015.2,88,137,5.5,0.4,10230.3
53986,20220409203726,0.2,1010.1,24,3,0.6,0.0,10327.8
57051,20220409203726,0.7,1009.9,36,333,10.0,0.9,10410.5
57067,20220409203726,31.6,1017.7,6,50,14.3,0.7,10201.7
57071,20220409203726,24.5,1019.2,96,252,11.5,0.3,10325.8
57077,20220409203726,6.8,1008.4,11,232,12.0,0.9,10017.8
57083,20220409203726,24.4,1006.1,86,71,5.0,0.0,10450.7
57084,20220409203726,15.8,1013.5,33,186,2.3,0.5,10018.3
57089,20220409203726,15.1,1013.9,5,252,13.7,0.8,10235.3
57091,20220409203726,26.4,1010.3,98,24,12.4,1.5,10033.4
57156,20220409203726,14.3,1017.2,4,234,10.4,0.4,10371.0
57178,20220409203726,29.3,1019.2,15,289,12.8,0.2,10046.2
57181,20220409203726,25.4,1008.6,38,9,14.0,0.5,10042.8
57193,20220409203726,34.9,1025.6,11,251,12.6,0.4,10281.7
57285,20220409203726,8.8,1004.7,64,6,6.0,1.4,10382.8
57290,20220409203726,11.3,1021.0,79,332,2.3,0.0,10106.6
57297,20220409203726,33.5,1012.1,43,256,7.7,0.3,10474.5
58005,20220409203726,4.6,1025.5,12,187,1.4,1.4,10244.0
58111,20220409203726,33.2,1007.2,39,113,14.9,0.5,10009.8
58208,20220409203726,28.1,1025.4,61,95,8.4,1.0,10277.7
50136,20220409203726,3.2,1003.9,83,122,7.5,1.2,10301.3
50246,20220409203726,1.7,1018.0,49,152,7.7,1.1,10057.3
50247,20220409203726,3.7,1019.0,2,44,1.7,1.1,10388.0
50349,20220409203726,28.8,1013.0,17,218,6.9,1.2,10180.3
50353,20220409203726,9.0,1014.3,55,193,0.3,0.8,10219.6
50442,20220409203726,34.9,1014.7,99,223,1.7,0.2,10255.3
50468,20220409203726,4.6,1015.9,27,208,9.7,1.1,10286.8
50557,20220409203726,25.0,1019.4,50,115,6.4,1.3,10171.5
50564,20220409203726,28.0,1004.1,73,8,11.6,1.4,10372.9
50656,20220409203726,1.2,1012.9,30,272,12.6,1.1,10334.6
50658,20220409203726,21.6,1021.5,43,199,13.6,0.8,10170.0
50674,20220409203726,26.9,1003.9,100,340,2.0,1.2,10344.0
50739,20220409203726,31.8,1025.3,2,119,1.4,0.5,10183.2
50742,20220409203726,20.3,1021.1,10,54,1.7,0.6,10497.7
50745,20220409203726,1.1,1018.2,46,128,9.2,0.3,10307.1
50756,20220409203726,5.2,1024.9,8,42,11.0,1.1,10123.2
50758,20220409203726,7.1,1009.1,51,27,2.9,0.3,10175.5
50774,20220409203726,33.2,1003.9,48,338,13.2,1.2,10188.1
50778,20220409203726,27.9,1019.4,43,225,1.6,0.3,10247.6
50788,20220409203726,21.2,1026.3,67,172,3.9,0.9,10476.3
50844,20220409203726,5.6,1022.1,22,152,14.8,1.1,10257.1
50853,20220409203726,17.8,1014.6,40,115,0.7,0.2,10117.9
50854,20220409203726,6.0,1002.6,90,274,9.5,0.3,10394.6
50862,20220409203726,12.5,1015.0,78,265,9.8,1.5,10023.3
50873,20220409203726,2.3,1014.3,24,68,10.9,0.0,10372.5
50877,20220409203726,31.8,1011.9,74,119,4.6,0.8,10321.6
50888,20220409203726,18.3,1013.2,20,117,4.8,0.4,10296.2
50950,20220409203726,16.6,1026.1,84,120,11.3,0.0,10234.5
50953,20220409203726,3.5,1011.8,55,182,8.1,0.9,10463.9
50955,20220409203726,18.8,1004.6,64,192,9.5,0.0,10125.1
50963,20220409203726,28.0,1012.5,58,329,10.4,0.8,10442.8
50968,20220409203726,24.6,1023.8,91,349,12.9,0.9,10097.7
50973,20220409203726,25.2,1025.2,99,17,14.5,1.2,10185.5
50978,20220409203726,25.1,1005.0,2,161,1.3,0.9,10365.6
50983,20220409203726,4.4,1022.8,69,196,0.6,0.1,10441.7
54094,20220409203726,24.8,1006.5,57,15,14.3,0.2,10009.4
54096,20220409203726,33.9,1023.3,78,168,11.2,0.7,10206.3
57251,20220409203726,18.6,1021.6,37,176,6.9,0.1,10033.8
57256,20220409203726,27.4,1015.9,35,325,10.8,0.2,10277.2
57259,20220409203726,32.8,1025.4,60,306,8.4,0.3,10135.1
57265,20220409203726,16.1,1024.0,59,273,13.8,0.8,10434.4
57278,20220409203726,14.4,1018.0,99,51,14.9,0.2,10006.3
57279,20220409203726,20.3,1026.4,10,52,12.8,1.5,10253.6
57355,20220409203726,27.3,1014.3,53,304,2.7,1.1,10141.6
57358,20220409203726,21.4,1010.4,78,211,9.4,1.1,10332.7
57359,20220409203726,10.2,1012.8,19,138,9.1,0.1,10158.5
57363,20220409203726,17.4,1009.8,53,330,2.9,1.3,10043.7
57378,20220409203726,30.5,1012.4,65,56,0.7,1.2,10210.8
57381,20220409203726,19.9,1008.0,37,78,6.1,0.1,10037.5
57395,20220409203726,3.5,1009.5,40,72,2.6,0.5,10374.4
57399,20220409203726,20.8,1023.8,32,49,13.4,0.8,10453.5
57439,20220409203726,16.9,1015.7,38,103,5.6,1.0,10482.0
57445,20220409203726,5.8,1008.0,26,22,0.2,0.5,10201.2
57447,20220409203726,32.1,1011.8,95,121,2.8,1.3,10296.8
57458,20220409203726,7.0,1015.5,45,125,2.3,0.3,10035.8
57461,20220409203726,15.4,1013.3,58,133,6.3,1.1,10301.1
57476,20220409203726,30.6,1006.4,69,77,12.1,1.3,10407.4
57482,20220409203726,6.2,1011.3,44,111,13.6,1.4,10390.4
57483,20220409203726,24.4,1007.3,27,53,6.8,1.4,10392.1
57493,20220409203726,0.2,1024.1,38,91,1.5,1.1,10237.2
57494,20220409203726,11.4,1008.9,22,121,4.5,0.9,10069.9
57545,20220409203726,19.0,1011.2,30,304,4.5,0.9,10280.7
57573,20220409203726,13.2,1024.3,49,61,3.6,0.2,10492.4
57581,20220409203726,13.9,1015.0,78,121,0.2,1.5,10208.4
57583,20220409203726,30.0,1026.2,30,117,0.8,0.2,10403.1
57595,20220409203726,8.0,1010.8,90,9,8.2,0.6,10486.3
58402,20220409203726,16.7,1007.5,3,54,0.8,0.2,10295.7
58407,20220409203726,22.6,1012.4,94,194,7.9,0.3,10194.7
58500,20220409203726,23.7,1001.5,60,150,10.4,1.2,10436.0
57554,20220409203726,6.4,1011.5,51,135,3.6,0.7,10154.3
57562,20220409203726,3.4,1005.8,3,208,5.9,1.2,10100.6
57574,20220409203726,14.3,1022.7,82,268,3.6,0.7,10380.7
57584,20220409203726,26.6,1001.0,30,9,4.0,0.1,10412.3
57642,20220409203726,22.6,1025.9,52,308,12.2,1.3,10193.8
57649,20220409203726,16.1,1008.4,12,58,5.7,1.4,10121.5
57655,20220409203726,20.4,1008.2,42,130,12.9,0.3,10445.4
57662,20220409203726,2.8,1020.5,34,295,0.2,1.4,10304.1
57669,20220409203726,20.4,1017.8,88,320,3.3,1.0,10238.0
57671,20220409203726,11.4,1005.8,24,95,3.7,1.0,10193.8
57673,20220409203726,10.5,1003.7,73,307,2.5,1.4,10282.2
57679,20220409203726,12.5,1012.9,17,26,4.1,0.1,10265.5
57682,20220409203726,23.2,1016.8,50,47,1.9,0.8,10445.9
57687,20220409203726,0.2,1018.2,76,341,7.2,1.0,10251.2
57745,20220409203726,3.3,1020.6,22,219,3.9,0.2,10176.5
57749,20220409203726,23.0,1020.0,37,164,0.1,0.8,10115.3
57752,20220409203726,19.5,1010.8,64,355,1.8,0.0,10063.9
57758,20220409203726,34.9,1008.1,2,171,13.0,0.4,10158.3
57761,20220409203726,27.1,1007.3,81,124,6.4,0.2,10264.2
57766,20220409203726,19.7,1012.0,55,263,6.2,1.0,10328.4
57774,20220409203726,22.2,1020.4,99,217,9.9,1.0,10291.3
57776,20220409203726,19.3,1025.6,19,147,2.9,0.7,10342.4
57779,20220409203726,31.5,1006.7,56,54,12.5,0.3,10217.9
57780,20220409203726,17.2,1002.1,7,307,9.1,0.0,10415.5
57841,20220409203726,11.5,1010.2,71,58,14.8,0.9,10105.6
57845,20220409203726,21.1,1007.0,72,258,11.1,0.5,10219.9
57853,20220409203726,1.6,1015.0,29,232,0.7,1.1,10486.1
57857,20220409203726,33.3,1016.0,98,164,11.2,1.1,10019.9
57860,20220409203726,20.1,1007.5,46,11,1.7,0.8,10041.8
57866,20220409203726,8.2,1003.9,10,104,2.4,0.0,10123.9
57872,20220409203726,5.5,1003.2,13,170,8.2,1.2,10273.2
57874,20220409203726,18.7,1012.8,2,266,9.5,0.2,10245.2
57889,20220409203726,33.1,1005.0,26,335,7.2,1.5,10029.0
57965,20220409203726,27.8,1010.6,60,126,8.0,0.0,10356.1
57972,20220409203726,30.5,1004.8,10,261,12.7,0.1,10473.8
57974,20220409203726,0.3,1003.6,60,35,8.6,1.2,10191.9
50936,20220409203726,16.9,1001.3,85,51,2.0,0.2,10331.5
50945,20220409203726,17.1,1018.5,37,114,12.6,1.1,10078.2
50948,20220409203726,34.7,1021.3,68,92,12.3,0.0,10274.8
50949,20220409203726,30.2,1002.2,30,285,10.8,1.2,10470.7
54041,20220409203726,23.7,1011.6,4,308,11.6,0.3,10156.3
54049,20220409203726,6.1,1003.9,82,169,3.4,0.5,10405.3
54063,20220409203726,14.8,1005.9,10,358,13.4,0.4,10110.2
54064,20220409203726,29.0,1013.5,89,221,10.2,1.3,10264.9
54142,20220409203726,34.4,1008.8,49,239,0.9,1.1,10082.4
54157,20220409203726,23.3,1013.3,63,103,4.0,1.1,10427.5
54161,20220409203726,30.5,1000.5,62,137,2.7,0.2,10489.3
54165,20220409203726,17.1,1012.0,91,343,5.5,0.6,10369.3
54171,20220409203726,13.5,1009.7,12,135,10.5,1.1,10295.2
54181,20220409203726,26.1,1007.2,27,51,10.3,0.4,10338.0
54186,20220409203726,7.1,1017.4,1,59,14.6,0.9,10016.0
54195,20220409203726,31.5,1000.3,65,199,3.3,0.6,10492.5
54260,20220409203726,11.7,1023.7,47,223,2.9,1.0,10439.1
54263,20220409203726,11.2,1005.9,17,301,8.4,0.6,10445.5
54266,20220409203726,12.7,1021.5,1,322,2.1,0.8,10233.4
54273,20220409203726,22.7,1025.8,59,93,9.6,1.4,10314.3
54276,20220409203726,12.7,1006.8,47,314,1.2,1.2,10187.0
54284,20220409203726,4.8,1023.4,60,340,12.4,0.4,10340.6
54285,20220409203726,4.7,1009.7,80,57,5.7,0.7,10310.7
54286,20220409203726,34.5,1007.1,33,148,9.4,1.0,10248.3
54292,20220409203726,10.6,1000.6,78,33,4.4,0.7,10066.6
54363,20220409203726,19.4,1007.4,30,180,12.4,1.3,10166.1
54374,20220409203726,12.3,1001.2,67,350,8.9,0.5,10089.6
54377,20220409203726,20.1,1020.6,91,337,10.7,1.0,10061.8
54386,20220409203726,16.5,1016.7,71,143,13.3,1.1,10375.6
58026,20220409203726,24.2,1010.4,18,166,14.4,0.2,10063.8
58027,20220409203726,13.6,1020.0,72,358,5.2,1.3,10470.1
58038,20220409203726,9.1,1003.5,88,101,6.1,0.5,10402.7
58040,20220409203726,25.9,1024.1,49,190,1.8,0.2,10084.1
58047,20220409203726,19.5,1008.5,84,284,4.4,0.4,10020.1
58130,20220409203726,0.8,1009.3,62,358,13.4,0.0,10454.2
58135,20220409203726,17.2,1017.1,9,162,5.6,1.1,10310.8
58138,20220409203726,5.0,1010.4,47,219,2.8,1.0,10440.6
58141,20220409203726,20.3,1025.1,28,182,8.6,1.4,10115.9
58143,20220409203726,0.8,1005.7,10,41,11.1,1.0,10475.4
58150,20220409203726,19.8,1002.4,61,197,2.7,0.5,10083.7
58158,20220409203726,19.9,1017.1,48,96,9.3,0.5,10189.1
58238,20220409203726,26.5,1010.6,9,61,0.8,0.4,10451.6
58241,20220409203726,10.3,1018.0,63,217,6.3,0.3,10153.4
58251,20220409203726,10.0,1000.8,32,253,14.9,1.5,10453.3
58252,20220409203726,28.8,1026.2,83,215,8.1,0.2,10350.6
58255,20220409203726,20.4,1018.2,71,287,6.9,0.6,10150.6
58259,20220409203726,21.5,1018.8,45,73,1.9,0.7,10356.4
58265,20220409203726,19.0,1025.5,51,128,12.4,0.9,10337.6
58343,20220409203726,17.7,1011.6,96,22,4.1,1.0,10113.7
58345,20220409203726,31.7,1013.7,41,296,8.9,0.6,10233.6
58354,20220409203726,10.7,1002.6,64,205,6.1,0.4,10285.0
58356,20220409203726,25.1,1003.7,63,214,9.7,0.0,10466.0
58358,20220409203726,24.9,1017.2,8,157,7.3,0.3,10402.6
57598,20220409203726,20.5,1019.3,22,288,14.5,0.5,10382.2
57696,20220409203726,16.0,1002.4,32,295,1.5,0.3,10435.9
57789,20220409203726,22.9,1005.7,92,29,2.4,1.3,10279.0
57793,20220409203726,2.0,1021.2,99,117,1.6,0.5,10026.6
57799,20220409203726,28.2,1009.7,98,46,9.7,1.4,10419.4
57894,20220409203726,15.9,1023.2,84,131,10.6,0.7,10084.3
57896,20220409203726,27.2,1012.9,59,121,12.1,0.2,10132.1
57993,20220409203726,13.4,1006.2,87,242,12.7,1.2,10400.4
58506,20220409203726,32.9,1001.0,18,195,0.8,1.5,10479.7
58507,20220409203726,30.0,1023.2,42,190,1.9,0.8,10028.5
58519,20220409203726,20.4,1009.8,60,42,5.7,0.1,10301.8
58527,20220409203726,16.1,1023.6,19,277,3.1,1.2,10319.3
58600,20220409203726,24.6,1011.9,72,323,4.0,0.9,10066.4
58606,20220409203726,28.2,1011.6,86,355,9.3,1.0,10276.0
58608,20220409203726,9.6,1014.4,39,64,4.8,0.5,10020.9
58622,20220409203726,22.9,1008.9,56,238,14.2,0.9,10423.2
58626,20220409203726,32.1,1006.7,68,45,7.8,0.3,10158.8
58634,20220409203726,23.2,1017.5,33,188,3.6,0.1,10368.8
58637,20220409203726,0.7,1008.2,82,256,5.1,1.2,10033.6
58705,20220409203726,5.2,1012.8,41,219,9.2,0.3,10056.6
58715,20220409203726,3.2,1011.7,17,272,5.6,0.0,10194.2
58718,20220409203726,6.9,1007.5,92,65,10.7,1.5,10278.6
58806,20220409203726,19.2,1002.7,51,316,8.9,0.7,10488.5
58813,20220409203726,18.0,1026.0,19,96,7.9,0.2,10295.6
59092,20220409203726,13.9,1000.7,57,232,7.9,0.8,10294.2
59102,20220409203726,11.5,1007.8,28,301,8.5,1.4,10340.5
54236,20220409203726,3.0,1025.8,53,357,3.7,1.0,10009.9
54237,20220409203726,28.3,1016.6,44,272,4.1,1.3,10405.2
54243,20220409203726,23.8,1015.1,76,88,12.8,1.5,10331.4
54254,20220409203726,18.0,1018.6,38,185,1.4,0.8,10146.4
54259,20220409203726,10.3,1010.6,46,142,12.9,0.1,10245.7
54324,20220409203726,10.1,1006.2,51,96,8.8,0.5,10025.8
54326,20220409203726,19.9,1024.4,38,166,2.7,1.3,10027.2
54333,20220409203726,3.9,1005.8,67,226,5.4,0.8,10232.0
54334,20220409203726,20.5,1023.2,31,281,10.9,1.5,10351.4
54335,20220409203726,6.8,1006.0,100,51,2.9,0.9,10411.9
54337,20220409203726,28.5,1008.2,77,230,9.8,1.4,10057.3
54339,20220409203726,10.2,1014.8,63,294,3.3,0.1,10368.6
54342,20220409203726,27.2,1004.7,14,81,10.9,0.7,10261.3
54346,20220409203726,34.5,1015.6,2,43,9.8,0.5,10203.5
54349,20220409203726,21.1,1007.7,34,296,14.5,0.6,10115.7
54351,20220409203726,19.6,1024.8,8,263,6.3,1.3,10228.9
54353,20220409203726,30.7,1016.0,11,138,13.7,1.1,10284.5
54365,20220409203726,11.9,1005.6,86,201,9.4,1.5,10161.2
54452,20220409203726,2.1,1008.0,11,311,14.2,1.2,10259.4
54454,20220409203726,6.6,1023.1,18,117,13.6,0.0,10475.5
54455,20220409203726,10.1,1001.6,22,219,9.8,0.8,10039.7
54470,20220409203726,1.5,1020.7,90,197,8.0,0.7,10163.7
54471,20220409203726,10.2,1004.1,96,186,10.8,0.5,10021.0
54472,20220409203726,19.1,1007.1,61,132,5.9,0.6,10447.7
54476,20220409203726,22.8,1005.1,94,318,5.4,0.6,10475.6
54486,20220409203726,25.2,1020.8,37,141,5.8,0.9,10116.7
54493,20220409203726,15.0,1004.6,41,73,12.4,0.3,10379.1
54497,20220409203726,22.0,1013.0,22,205,4.6,0.5,10302.3
54563,20220409203726,11.6,1007.8,11,263,7.2,0.7,10079.5
54579,20220409203726,3.9,1000.4,53,271,1.8,0.8,10241.4
54584,20220409203726,29.5,1024.9,55,94,2.6,0.7,10159.2
54660,20220409203726,34.8,1003.9,60,225,2.9,0.0,10333.2
54662,20220409203726,2.0,1010.7,52,316,3.1,0.1,10055.3
50425,20220409203726,35.0,1002.8,46,281,3.7,0.9,10253.3
50434,20220409203726,23.8,1006.2,38,191,5.7,0.4,10263.2
50514,20220409203726,8.4,1022.1,26,277,7.5,0.0,10365.0
50527,20220409203726,21.3,1018.5,97,15,3.8,1.1,10160.6
50548,20220409203726,25.3,1001.7,15,306,3.0,0.0,10427.1
50603,20220409203726,3.8,1025.7,73,355,14.7,0.2,10222.7
50618,20220409203726,28.0,1015.1,6,83,4.9,0.6,10438.3
50632,20220409203726,3.7,1021.4,56,311,3.9,0.3,10254.9
50639,20220409203726,24.6,1022.8,90,220,11.7,0.0,10142.4
50727,20220409203726,15.2,1011.9,39,170,7.3,0.6,10052.8
50834,20220409203726,8.9,1010.9,53,250,3.0,0.1,10120.6
50838,20220409203726,12.2,1007.7,7,286,11.1,1.3,10364.0
50915,20220409203726,34.0,1001.1,9,92,2.1,0.5,10496.0
50924,20220409203726,14.3,1014.8,64,331,6.9,0.9,10099.0
52267,20220409203726,5.1,1005.3,7,219,13.8,1.1,10237.2
52495,20220409203726,5.8,1025.0,76,262,11.2,0.1,10066.3
52576,20220409203726,25.7,1018.1,2,290,11.5,1.3,10244.9
53068,20220409203726,8.8,1008.6,99,177,6.4,1.3,10412.6
53083,20220409203726,24.9,1005.1,82,21,8.0,0.4,10392.8
53149,20220409203726,19.2,1019.9,3,212,2.1,0.2,10060.7
53192,20220409203726,5.1,1008.6,7,11,6.0,0.8,10381.4
53195,20220409203726,14.5,1023.6,56,71,3.2,0.2,10488.2
53276,20220409203726,28.1,1018.4,62,215,3.6,0.7,10116.7
53336,20220409203726,17.4,1004.1,21,258,8.2,0.3,10135.8
53352,20220409203726,26.5,1012.0,30,109,11.8,1.5,10346.4
53362,20220409203726,24.4,1016.7,47,315,11.9,0.2,10198.6
53367,20220409203726,34.9,1021.5,61,270,3.1,0.1,10241.8
53391,20220409203726,9.8,1017.9,58,317,14.7,1.4,10357.3
53446,20220409203726,31.0,1014.0,11,115,11.2,0.7,10465.6
53463,20220409203726,21.3,1017.1,82,33,7.4,0.8,10489.3
53480,20220409203726,28.0,1017.4,88,96,9.6,0.3,10430.4
53502,20220409203726,29.2,1018.6,37,299,13.5,1.4,10273.4
53513,20220409203726,16.1,1016.4,65,46,3.1,1.4,10041.9
53529,20220409203726,24.5,1016.0,31,177,4.1,1.1,10121.2
53543,20220409203726,0.7,1015.1,60,60,7.7,1.4,10153.4
53547,20220409203726,11.6,1016.1,57,173,6.9,0.8,10382.9
53602,20220409203726,32.7,1012.5,41,261,11.6,0.8,10326.6
54012,20220409203726,6.3,1008.5,62,162,4.7,1.5,10414.1
54026,20220409203726,32.0,1001.0,11,264,9.8,1.3,10485.0
54027,20220409203726,33.5,1022.0,75,71,1.8,0.6,10250.9
54102,20220409203726,7.8,1021.8,9,313,11.9,0.5,10277.4
54115,20220409203726,31.9,1014.7,44,255,4.0,0.8,10018.9
54134,20220409203726,6.9,1004.3,98,326,10.5,1.2,10068.8
54135,20220409203726,17.6,1004.1,1,349,10.1,0.6,10173.2
54208,20220409203726,3.3,1022.8,38,48,3.8,0.6,10189.6
54213,20220409203726,19.6,1000.4,90,55,5.8,0.4,10264.1
54218,20220409203726,14.6,1007.0,8,36,14.0,0.5,10378.6
54226,20220409203726,12.5,1023.0,50,201,4.8,0.5,10346.0
53519,20220409203726,32.8,1020.7,64,163,3.7,0.5,10305.1
53612,20220409203726,23.8,1008.3,39,353,10.2,1.5,10073.5
53614,20220409203726,7.0,1022.8,11,251,0.3,1.4,10293.3
53615,20220409203726,20.5,1001.0,14,283,9.0,0.3,10004.0
53704,20220409203726,10.9,1025.4,76,302,9.2,0.6,10409.6
53705,20220409203726,19.2,1004.3,51,77,14.6,1.2,10387.5
53723,20220409203726,10.8,1024.7,72,123,8.0,1.4,10173.0
53806,20220409203726,29.3,1005.7,74,1,12.7,0.6,10419.4
53810,20220409203726,25.4,1003.6,70,129,1.6,1.2,10016.2
53817,20220409203726,21.9,1006.7,71,49,3.2,0.0,10301.6
53903,20220409203726,15.9,1024.5,91,193,2.7,0.5,10070.6
53910,20220409203726,29.3,1002.2,23,242,14.9,1.5,10145.6
51886,20220409203726,13.3,1012.9,50,169,8.5,0.2,10080.1
52602,20220409203726,21.6,1007.7,16,111,5.6,0.5,10395.1
52633,20220409203726,8.0,1012.7,1,93,11.7,0.6,10271.1
52645,20220409203726,23.4,1024.0,56,93,0.3,0.6,10121.1
52657,20220409203726,29.4,1010.5,72,165,11.1,0.4,10061.6
52707,20220409203726,31.5,1009.3,98,252,6.2,0.4,10430.1
52713,20220409203726,13.1,1020.9,22,40,5.6,0.5,10159.8
52737,20220409203726,25.2,1015.5,94,151,7.0,0.8,10424.6
52754,20220409203726,13.7,1026.3,73,52,5.4,0.7,10236.9
52765,20220409203726,32.5,1001.1,56,98,5.9,0.1,10411.0
52818,20220409203726,6.8,1019.2,40,73,6.7,0.8,10224.1
52825,20220409203726,11.2,1004.3,92,221,5.0,1.2,10066.1
52833,20220409203726,1.3,1004.8,2,140,11.3,1.3,10225.9
52836,20220409203726,6.6,1020.6,54,167,13.4,0.8,10150.4
52842,20220409203726,21.1,1019.1,29,268,8.1,0.3,10457.4
52856,20220409203726,28.6,1023.1,68,315,1.6,1.4,10346.7
52866,20220409203726,23.7,1012.3,54,359,2.8,0.6,10454.3
52868,20220409203726,32.4,1019.9,24,211,4.7,0.4,10235.3
52876,20220409203726,5.3,1024.4,8,307,14.8,1.2,10351.0
52908,20220409203726,12.1,1014.7,58,99,9.1,1.2,10160.2
52943,20220409203726,14.0,1015.0,84,324,8.0,0.4,10319.5
52955,20220409203726,25.0,1024.2,55,241,7.1,0.1,10393.3
52974,20220409203726,27.4,1013.0,67,172,9.1,1.0,10369.0
56004,20220409203726,24.2,1024.4,29,100,2.1,0.5,10420.2
56018,20220409203726,1.7,1006.4,7,212,9.9,0.5,10172.2
56021,20220409203726,2.3,1008.7,64,1,12.1,0.1,10302.0
56029,20220409203726,31.9,1013.6,60,204,10.1,1.3,10233.9
56033,20220409203726,34.8,1020.6,50,184,6.7,0.9,10081.3
56034,20220409203726,19.5,1005.4,9,275,8.0,1.0,10443.8
56043,20220409203726,14.3,1006.7,76,200,3.6,1.0,10327.0
56046,20220409203726,34.0,1012.2,97,11,10.5,0.3,10424.1
56065,20220409203726,11.0,1014.4,85,61,8.8,0.9,10298.2
56067,20220409203726,14.0,1009.4,94,56,8.1,0.5,10437.4
56125,20220409203726,23.0,1013.4,32,183,2.6,0.3,10195.0
56151,20220409203726,1.1,1009.9,58,9,0.7,0.5,10330.6
54715,20220409203726,11.2,1013.4,41,131,9.8,1.2,10132.1
54725,20220409203726,19.0,1023.2,62,86,7.6,1.4,10417.8
54727,20220409203726,15.1,1022.2,99,139,3.1,1.4,10035.6
54744,20220409203726,20.8,1004.1,70,352,9.0,0.2,10104.0
54751,20220409203726,24.4,1007.8,67,22,9.9,0.2,10377.7
54753,20220409203726,5.4,1013.5,10,8,4.9,0.6,10481.6
54764,20220409203726,22.4,1010.3,30,95,14.0,0.7,10234.1
54774,20220409203726,14.9,1021.4,21,222,5.0,0.5,10482.2
54776,20220409203726,21.1,1021.8,49,12,0.3,0.7,10125.2
54808,20220409203726,2.5,1006.0,40,23,11.2,0.4,10208.9
54823,20220409203726,1.7,1018.0,79,339,0.1,1.1,10045.5
54826,20220409203726,15.9,1007.3,81,155,14.8,0.0,10353.4
54836,20220409203726,32.5,1019.1,57,203,10.9,0.8,10013.6
54842,20220409203726,23.3,1019.3,43,148,5.1,1.4,10184.5
54843,20220409203726,27.4,1022.2,15,47,10.3,0.0,10179.0
54857,20220409203726,34.8,1017.6,93,147,14.0,0.0,10111.7
54863,20220409203726,22.9,1005.6,17,12,6.7,0.0,10429.7
54909,20220409203726,1.0,1023.4,77,304,10.4,0.2,10256.4
54916,20220409203726,23.6,1020.7,84,131,3.7,0.1,10417.8
54929,20220409203726,32.4,1017.2,17,348,14.5,0.8,10202.9
54936,20220409203726,13.6,1023.4,63,257,11.0,1.5,10187.2
54945,20220409203726,33.7,1007.0,11,248,3.6,0.6,10343.2
58034,20220409203726,23.1,1025.1,17,258,5.9,1.1,10345.9
53478,20220409203726,15.0,1010.6,72,220,14.5,0.3,10175.0
53487,20220409203726,6.8,1012.4,36,320,3.3,1.4,10414.1
53490,20220409203726,11.7,1022.6,80,185,3.6,1.3,10337.1
53564,20220409203726,17.0,1018.7,39,86,3.4,0.6,10200.4
53578,20220409203726,4.9,1023.3,39,233,11.1,0.5,10148.2
53579,20220409203726,15.4,1013.1,22,58,5.0,1.2,10433.8
53588,20220409203726,20.5,1005.3,89,203,4.1,1.1,10380.8
53594,20220409203726,25.0,1013.6,95,105,4.0,0.0,10121.2
53663,20220409203726,0.5,1011.2,40,189,0.0,0.5,10147.0
53664,20220409203726,15.0,1019.1,48,149,4.4,0.0,10196.4
53673,20220409203726,32.2,1011.4,99,192,13.7,1.4,10343.8
53687,20220409203726,19.2,1022.0,77,91,7.1,0.6,10422.5
53764,20220409203726,10.2,1023.6,40,88,14.9,0.2,10395.0
53772,20220409203726,19.5,1022.0,25,245,10.3,1.5,10305.3
53775,20220409203726,5.7,1005.7,7,143,12.1,0.5,10448.8
53787,20220409203726,9.4,1008.5,45,331,5.5,0.4,10071.4
53853,20220409203726,20.8,1022.3,71,192,5.1,1.3,10211.0
53859,20220409203726,28.8,1005.4,42,356,5.4,0.1,10154.9
53863,20220409203726,30.4,1001.4,8,26,8.1,0.6,10467.5
53868,20220409203726,19.4,1001.1,26,106,11.8,0.5,10015.4
53877,20220409203726,29.7,1013.9,65,172,8.9,1.5,10296.2
53882,20220409203726,15.5,1002.5,77,325,14.4,0.2,10324.9
53884,20220409203726,28.3,1019.8,23,279,12.4,1.3,10364.7
53959,20220409203726,26.0,1009.7,16,211,7.0,0.4,10199.0
53963,20220409203726,29.7,1002.9,93,25,1.0,0.8,10386.6
53968,20220409203726,9.0,1000.5,15,351,9.6,0.6,10223.6
53975,20220409203726,16.6,1020.5,90,205,14.4,0.7,10118.0
57052,20220409203726,20.0,1021.0,23,38,9.4,0.9,10179.2
53646,20220409203726,10.5,1004.6,72,76,14.7,1.1,10358.7
53651,20220409203726,8.8,1014.7,91,68,1.7,0.4,10066.9
53725,20220409203726,7.8,1017.7,89,0,0.7,0.6,10016.6
53735,20220409203726,21.2,1014.1,62,224,3.8,1.5,10292.6
53738,20220409203726,8.8,1022.7,44,290,0.6,1.5,10066.0
53740,20220409203726,26.1,1023.0,28,33,10.4,0.5,10475.1
53754,20220409203726,33.0,1000.4,74,129,7.3,1.0,10303.1
53845,20220409203726,31.4,1021.5,59,104,3.3,0.8,10061.4
53854,20220409203726,25.8,1008.0,63,355,3.0,1.3,10420.0
53929,20220409203726,31.8,1000.4,12,91,0.7,0.6,10267.1
53942,20220409203726,34.5,1021.1,79,135,8.5,1.1,10344.0
53948,20220409203726,16.4,1021.0,31,171,0.5,0.1,10178.2
53955,20220409203726,31.0,1017.6,88,163,11.6,0.1,10389.3
57003,20220409203726,26.1,1002.5,76,174,3.5,1.4,10155.1
57025,20220409203726,8.4,1018.0,83,175,4.1,0.0,10318.6
57028,20220409203726,16.4,1019.4,21,247,7.9,0.2,10109.4
57030,20220409203726,19.1,1016.6,58,130,5.2,0.0,10100.4
57034,20220409203726,0.5,1018.4,64,149,11.0,0.6,10361.0
57037,20220409203726,7.6,1000.8,35,149,10.8,0.4,10447.4
57046,20220409203726,29.6,1011.6,40,28,4.5,1.1,10247.0
57048,20220409203726,33.5,1002.9,51,65,0.7,1.2,10445.5
57049,20220409203726,18.3,1025.1,89,123,5.6,1.1,10113.9
57106,20220409203726,19.6,1024.3,9,153,2.1,1.0,10399.0
57124,20220409203726,12.6,1018.1,3,61,4.4,0.6,10354.3
57127,20220409203726,13.7,1013.2,82,47,12.1,1.2,10354.3
57131,20220409203726,31.6,1006.7,81,263,14.8,0.5,10397.4
57134,20220409203726,9.3,1001.4,79,152,1.8,1.5,10252.6
57140,20220409203726,28.6,1001.8,44,341,14.6,1.0,10480.7
57143,20220409203726,16.9,1015.0,16,241,9.7,0.9,10261.2
57144,20220409203726,16.9,1015.4,87,242,7.1,1.4,10336.2
57154,20220409203726,11.5,1007.4,24,236,6.6,1.3,10424.1
57211,20220409203726,25.6,1001.2,39,317,2.8,1.3,10439.1
57232,20220409203726,4.8,1006.4,5,27,12.1,0.8,10275.0
57238,20220409203726,1.0,1025.1,2,242,0.2,1.5,10347.9
57245,20220409203726,18.2,1008.6,94,36,14.7,0.8,10180.9
57343,20220409203726,18.4,1018.6,26,251,6.4,1.1,10478.8
58362,20220409203726,33.9,1017.5,84,70,8.0,0.8,10240.7
56038,20220409203726,3.6,1006.2,39,224,3.5,0.3,10313.6
56079,20220409203726,29.5,1004.4,15,162,8.7,0.3,10295.2
56144,20220409203726,18.4,1005.7,36,72,4.9,0.4,10400.5
56146,20220409203726,22.8,1024.2,89,99,7.7,0.8,10184.3
56152,20220409203726,23.3,1002.4,20,223,12.8,0.1,10078.3
56167,20220409203726,7.3,1003.5,7,80,13.1,0.0,10323.6
56172,20220409203726,21.0,1021.7,73,107,0.9,0.7,10451.5
56173,20220409203726,7.1,1022.9,67,155,14.8,0.3,10255.6
56178,20220409203726,10.4,1008.4,69,337,9.5,0.3,10310.8
56182,20220409203726,20.2,1010.8,41,356,9.8,0.2,10232.3
56187,20220409203726,15.6,1020.0,51,312,5.2,0.6,10150.6
56188,20220409203726,20.4,1013.0,23,14,0.1,1.3,10233.6
56196,20220409203726,28.5,1015.8,37,38,12.7,0.8,10373.2
56247,20220409203726,18.1,1006.8,21,257,14.1,0.0,10154.3
56251,20220409203726,31.3,1004.5,22,64,13.0,0.7,10123.8
56257,20220409203726,12.6,1005.0,41,49,7.7,1.0,10289.8
56287,20220409203726,34.9,1000.3,74,49,0.1,1.0,10074.1
56357,20220409203726,14.1,1012.8,75,304,6.2,0.6,10055.0
56374,20220409203726,11.1,1023.6,39,37,1.6,0.7,10312.3
56385,20220409203726,25.2,1019.7,3,232,7.8,0.2,10282.5
56386,20220409203726,19.7,1005.6,5,204,6.2,0.2,10409.3
56459,20220409203726,34.6,1016.7,73,326,11.2,0.3,10155.2
56462,20220409203726,29.5,1011.6,9,2,4.8,0.6,10464.5
56475,20220409203726,20.6,1008.1,6,53,14.0,1.1,10232.6
56479,20220409203726,29.9,1004.6,79,216,5.9,0.7,10225.0
56485,20220409203726,20.8,1014.5,27,177,5.9,0.6,10191.7
56492,20220409203726,31.9,1017.7,90,120,9.1,1.3,10094.4
56565,20220409203726,6.5,1006.4,66,307,0.2,0.6,10188.6
56571,20220409203726,29.2,1010.4,23,23,8.2,0.5,10182.9
56666,20220409203726,29.8,1025.3,52,45,10.5,0.5,10406.8
56671,20220409203726,13.5,1009.5,90,229,7.9,0.3,10277.9
57206,20220409203726,29.9,1000.8,24,83,2.2,0.1,10421.7
57237,20220409203726,30.4,1008.1,49,309,4.1,0.6,10221.3
57306,20220409203726,23.2,1003.3,24,287,6.1,0.6,10120.6
57313,20220409203726,14.3,1007.9,88,134,8.4,0.9,10423.2
57314,20220409203726,17.3,1007.5,18,86,3.8,0.9,10023.6
57328,20220409203726,6.2,1010.7,25,159,4.5,0.0,10067.3
57405,20220409203726,6.0,1008.0,45,194,6.8,1.1,10227.9
57411,20220409203726,26.5,1007.2,19,190,9.8,1.0,10209.5
57503,20220409203726,12.3,1011.7,62,179,14.9,0.2,10229.1
57604,20220409203726,29.6,1015.6,92,52,5.5,0.3,10359.7
57608,20220409203726,12.0,1012.2,57,81,8.7,0.9,10252.9
54525,20220409203726,28.4,1021.5,42,7,11.4,1.1,10412.5
54527,20220409203726,0.2,1008.9,76,258,10.8,1.2,10028.5
54623,20220409203726,8.6,1002.6,88,347,14.0,0.2,10024.1
55228,20220409203726,22.3,1004.1,48,190,8.8,0.4,10383.7
55248,20220409203726,26.8,1019.7,52,82,2.7,0.0,10171.4
55279,20220409203726,15.2,1005.6,61,188,2.5,0.3,10248.1
55294,20220409203726,24.8,1012.3,58,233,4.1,1.2,10386.8
55299,20220409203726,29.9,1015.3,45,271,2.1,0.7,10335.4
55437,20220409203726,24.4,1018.0,30,276,0.4,0.1,10400.7
55472,20220409203726,2.1,1007.4,93,218,3.5,0.8,10441.1
55493,20220409203726,6.2,1001.4,46,209,11.4,1.0,10399.1
55569,20220409203726,0.6,1002.7,36,359,12.2,0.3,10320.5
55578,20220409203726,24.5,1022.5,9,154,1.8,0.9,10444.8
55585,20220409203726,11.2,1024.2,65,248,0.2,0.5,10040.3
55591,20220409203726,9.5,1001.6,26,112,0.3,1.4,10463.5
55598,20220409203726,32.1,1004.8,97,3,2.2,1.1,10158.2
55655,20220409203726,34.2,1013.0,90,9,13.2,0.5,10134.3
55664,20220409203726,15.0,1018.7,90,45,11.1,1.3,10483.5
55680,20220409203726,22.8,1020.2,73,135,7.4,0.9,10252.2
55681,20220409203726,18.2,1021.2,14,44,9.2,0.5,10317.5
55690,20220409203726,3.3,1004.2,36,310,0.4,0.4,10326.9
55696,20220409203726,19.3,1016.4,47,189,11.3,1.1,10377.8
55773,20220409203726,27.9,1005.1,52,112,5.3,0.7,10102.2
56106,20220409203726,32.5,1010.0,59,316,14.0,0.7,10415.1
56116,20220409203726,23.0,1023.2,74,129,12.4,1.2,10175.1
56137,20220409203726,11.6,1018.6,64,265,6.2,0.9,10070.4
56202,20220409203726,19.7,1009.7,73,286,9.0,1.5,10028.8
56223,20220409203726,19.7,1019.9,50,53,12.1,0.3,10414.7
56227,20220409203726,25.0,1024.8,35,328,1.5,0.3,10151.4
56312,20220409203726,8.0,1000.4,61,358,10.8,0.7,10024.6
56331,20220409203726,21.9,1015.0,94,30,8.2,1.3,10094.1
56434,20220409203726,17.5,1005.8,59,37,14.2,0.7,10380.5
51053,20220409203726,0.5,1000.3,25,299,10.1,0.6,10030.9
51059,20220409203726,31.5,1010.3,77,249,8.7,0.4,10059.9
51060,20220409203726,2.8,1007.7,16,140,9.7,0.4,10183.3
51068,20220409203726,2.0,1008.8,31,103,12.1,0.8,10003.6
51076,20220409203726,25.1,1015.9,16,38,6.7,0.3,10026.9
51087,20220409203726,29.2,1000.2,37,308,11.5,0.0,10153.2
51133,20220409203726,24.6,1024.8,29,254,1.5,1.1,10038.8
51156,20220409203726,9.4,1003.4,49,193,13.4,0.2,10461.4
51186,20220409203726,27.0,1008.5,21,60,11.9,0.3,10337.5
51232,20220409203726,27.2,1013.1,61,130,7.4,0.8,10101.2
51238,20220409203726,25.3,1026.3,100,128,1.6,0.7,10093.0
51241,20220409203726,26.0,1006.8,82,37,12.9,1.4,10258.2
51243,20220409203726,23.9,1017.7,91,158,13.3,0.2,10149.7
51288,20220409203726,17.2,1021.0,41,183,7.6,0.8,10321.5
51330,20220409203726,29.5,1018.9,56,16,1.4,0.2,10015.1
51334,20220409203726,26.5,1007.2,52,255,10.5,0.9,10421.9
51346,20220409203726,19.5,1011.0,55,317,2.7,0.8,10194.6
51358,20220409203726,8.9,1014.8,58,127,0.8,0.1,10109.1
51365,20220409203726,23.5,1008.2,69,17,10.3,1.5,10003.4
51367,20220409203726,2.4,1017.0,83,341,1.4,0.1,10255.2
51379,20220409203726,17.3,1019.3,81,105,13.3,1.0,10408.2
51431,20220409203726,16.2,1020.7,22,35,4.2,1.4,10226.3
51433,20220409203726,23.4,1017.9,58,226,8.3,0.9,10100.6
51437,20220409203726,1.5,1020.4,14,273,3.4,0.7,10374.1
51463,20220409203726,3.6,1025.0,23,279,4.9,0.2,10264.6
51467,20220409203726,25.5,1019.7,79,237,2.6,1.5,10246.0
51469,20220409203726,14.7,1012.1,68,120,6.3,1.2,10304.1
51470,20220409203726,21.8,1005.5,86,243,11.0,0.2,10047.5
51477,20220409203726,21.4,1022.5,96,215,7.8,0.5,10313.8
51495,20220409203726,5.9,1009.1,92,233,11.8,1.3,10372.3
51526,20220409203726,3.8,1008.8,37,86,10.4,1.1,10163.5
51542,20220409203726,3.6,1015.7,49,246,8.7,1.3,10168.3
51567,20220409203726,22.2,1010.1,90,356,8.3,0.8,10336.4
51573,20220409203726,29.3,1011.1,10,152,8.2,0.8,10083.0
51581,20220409203726,28.5,1023.4,70,269,9.7,0.1,10222.5
51628,20220409203726,3.1,1013.5,58,293,9.2,0.9,10437.0
51633,20220409203726,33.4,1008.3,41,61,13.1,0.9,10173.1
51639,20220409203726,20.8,1024.6,21,68,2.2,0.6,10123.5
51642,20220409203726,20.0,1012.2,79,296,10.6,0.7,10483.9
51644,20220409203726,10.8,1005.9,26,149,6.5,1.1,10159.5
51655,20220409203726,8.3,1021.0,74,163,13.5,0.9,10117.9
51656,20220409203726,14.6,1018.6,55,83,11.2,1.5,10003.5
51701,20220409203726,24.3,1004.4,36,290,9.3,0.2,10459.3
51704,20220409203726,19.7,1021.8,58,87,1.8,0.2,10015.8
51705,20220409203726,3.0,1016.4,3,336,11.2,1.1,10390.8
51709,20220409203726,4.9,1012.7,18,176,3.9,1.5,10204.5
51711,20220409203726,6.8,1009.5,15,240,0.9,1.3,10111.3
51716,20220409203726,6.4,1020.2,82,295,3.1,1.4,10392.5
51720,20220409203726,10.4,1025.7,32,258,4.6,0.1,10114.3
51730,20220409203726,32.7,1012.6,75,150,5.5,0.3,10113.9
51747,20220409203726,23.6,1000.0,78,260,6.7,0.3,10126.9
51765,20220409203726,32.7,1006.9,75,164,6.2,0.4,10023.5
51777,20220409203726,34.3,1002.3,6,276,12.7,1.2,10196.5
51804,20220409203726,16.9,1006.2,21,226,13.5,0.7,10238.0
51810,20220409203726,30.8,1007.3,75,149,5.5,1.5,10167.6
51811,20220409203726,10.2,1022.4,34,132,3.9,1.1,10352.7
51818,20220409203726,30.2,1024.5,80,148,6.6,0.4,10267.7
51828,20220409203726,30.1,1010.8,31,351,14.5,1.4,10486.8
51839,20220409203726,2.9,1005.7,7,326,13.6,0.9,10474.7
51855,20220409203726,6.0,1008.4,9,36,12.9,0.1,10174.7
51931,20220409203726,7.0,1016.9,9,73,11.6,1.1,10268.7
52101,20220409203726,0.3,1023.7,66,188,4.5,0.3,10365.6
52112,20220409203726,15.8,1008.4,10,266,14.9,0.0,10411.1
52118,20220409203726,11.5,1011.9,21,220,8.3,0.0,10231.8
52203,20220409203726,10.2,1010.0,70,154,12.1,0.2,10018.8
52313,20220409203726,34.5,1012.0,29,322,8.7,0.5,10012.1
56444,20220409203726,12.1,1006.9,54,126,9.6,1.5,10407.6
56533,20220409203726,26.9,1007.3,58,312,13.2,0.5,10169.7
56543,20220409203726,6.9,1025.5,14,262,12.5,1.5,10007.8
56548,20220409203726,18.7,1017.1,77,146,12.6,0.4,10493.3
56586,20220409203726,28.1,1008.9,15,202,4.8,0.3,10282.8
56643,20220409203726,32.4,1017.4,34,141,6.9,1.0,10152.8
56651,20220409203726,25.6,1008.7,91,11,12.5,1.5,10353.8
56664,20220409203726,25.3,1014.6,74,99,9.9,0.5,10039.3
56684,20220409203726,16.1,1005.8,50,154,6.2,1.1,10337.5
56739,20220409203726,10.5,1013.9,30,59,7.1,1.5,10155.0
56748,20220409203726,17.9,1014.5,27,4,12.5,0.8,10051.1
56751,20220409203726,14.2,1015.6,73,42,6.0,0.1,10352.8
56763,20220409203726,30.0,1022.9,91,227,10.9,0.3,10012.1
56768,20220409203726,24.1,1005.8,83,355,4.5,1.5,10060.0
56778,20220409203726,34.1,1011.1,48,248,13.2,0.5,10290.5
56786,20220409203726,12.9,1003.6,24,199,11.4,0.3,10453.4
56838,20220409203726,14.7,1006.0,16,304,4.6,0.9,10415.0
56856,20220409203726,29.0,1015.1,58,18,10.9,0.3,10307.7
56872,20220409203726,11.8,1019.4,13,142,3.1,1.1,10146.8
56875,20220409203726,7.4,1011.2,88,194,2.5,1.5,10244.6
56886,20220409203726,19.6,1004.8,99,164,5.5,0.9,10376.3
56946,20220409203726,5.0,1024.3,24,248,2.4,0.0,10190.2
56950,20220409203726,0.1,1010.0,5,100,8.0,1.2,10307.4
56951,20220409203726,10.6,1020.5,94,160,5.9,0.5,10495.1
56954,20220409203726,30.6,1011.6,44,133,10.4,0.5,10325.6
56959,20220409203726,20.3,1019.7,90,73,8.2,1.3,10170.0
56964,20220409203726,8.2,1004.4,13,261,12.7,0.4,10072.4
56966,20220409203726,25.3,1007.4,45,62,10.9,1.3,10265.6
56969,20220409203726,29.4,1002.4,13,274,12.0,1.1,10433.2
56977,20220409203726,30.4,1025.6,70,219,10.5,0.7,10103.7
56985,20220409203726,10.3,1016.8,79,203,7.7,0.3,10075.4
56986,20220409203726,16.8,1017.9,71,185,14.4,1.4,10384.1
56991,20220409203726,22.7,1025.3,94,286,3.2,1.3,10314.9
59007,20220409203726,12.4,1009.5,61,122,5.9,0.2,10043.7
58448,20220409203726,4.4,1001.3,78,202,7.1,0.8,10030.7
58450,20220409203726,19.4,1018.9,87,217,11.0,0.1,10429.3
58457,20220409203726,3.9,1018.0,63,42,13.3,0.7,10239.5
58464,20220409203726,9.4,1009.3,69,63,7.5,0.1,10355.7
58467,20220409203726,0.5,1016.3,79,111,10.6,0.7,10287.0
58472,20220409203726,31.5,1024.8,55,39,1.2,0.5,10002.8
58477,20220409203726,0.1,1019.0,60,31,12.5,0.5,10229.0
58543,20220409203726,12.2,1008.8,34,259,4.1,0.2,10190.9
58549,20220409203726,27.1,1013.0,8,85,14.8,0.9,10380.8
58553,20220409203726,33.5,1015.2,14,243,5.6,0.4,10187.5
58556,20220409203726,10.8,1020.6,100,55,11.3,1.4,10318.3
58557,20220409203726,2.9,1008.8,21,61,1.1,1.0,10084.5
58562,20220409203726,30.3,1020.3,83,304,4.5,0.5,10392.9
58569,20220409203726,25.6,1024.3,39,87,2.1,0.7,10313.3
58633,20220409203726,15.8,1024.1,45,257,8.2,1.5,10028.9
58646,20220409203726,9.7,1007.5,73,208,3.8,0.0,10178.7
58652,20220409203726,23.1,1018.3,23,57,0.8,0.8,10125.9
58665,20220409203726,15.8,1021.3,15,178,12.8,0.0,10058.1
58666,20220409203726,25.1,1003.8,80,346,2.9,0.8,10390.2
58667,20220409203726,13.4,1005.6,22,51,12.9,0.5,10101.8
58742,20220409203726,19.1,1019.7,42,269,13.8,1.5,10351.3
58752,20220409203726,0.0,1005.1,64,132,7.1,1.4,10099.8
58760,20220409203726,2.1,1025.6,1,101,4.4,1.1,10222.2
57348,20220409203726,20.6,1025.5,9,50,2.9,0.1,10040.4
57426,20220409203726,25.4,1017.7,54,85,10.9,0.2,10496.4
57432,20220409203726,15.2,1013.1,78,18,3.4,0.9,10337.6
57502,20220409203726,27.5,1003.5,5,80,1.1,1.2,10362.8
57512,20220409203726,2.6,1020.9,94,302,4.1,0.1,10044.8
57516,20220409203726,31.6,1022.0,74,318,0.4,0.6,10402.3
57517,20220409203726,10.0,1025.4,4,135,13.7,0.8,10247.5
57520,20220409203726,5.9,1022.2,16,352,5.2,0.4,10281.7
57523,20220409203726,8.5,1007.4,6,82,1.0,0.3,10107.4
57536,20220409203726,24.1,1006.5,77,114,3.3,1.3,10499.0
57612,20220409203726,6.1,1013.2,10,323,5.8,0.4,10169.9
57633,20220409203726,7.9,1010.3,85,120,12.6,0.4,10303.2
